11110000001111
11000000000011
10000111100001
10000111000001
10000100100001
10000011100001
10000111100001
11000000000011
11110000001111

0

11111000011111
11100000011111
11111000011111
11111000011111
11111000011111
11111000011111
11111000011111
11111000011111
11100000000111

1

11100000000111
10000000000001
10000111100001
11111111000011
11111100001111
11110000111111
11000011111111
10000000000001
10000000000001

2


11100000000111
10000000000001
10000111100001
11111111000011
11111100000111
11111111000011
10000111100001
10000000000001
11100000000111

3

11111100000111
11111000000111
11100011000111
11000111000111
10000000000001
10000000000001
11111111000111
11111111000111
11111111000111

4

10000000000001
10000000000001
10000111111111
10000111111111
10000000000011
11111111100001
10000111100001
11000000000011
11110000001111

5

11110000001111
11000000000011
10000111111111
10000111111111
10000000000111
10000111100001
10000111100001
11000000000011
11110000001111

6

10000000000001
10000000000001
11111111000011
11111110000111
11111100001111
11111000011111
11110000111111
11100001111111
11000011111111

7

11110000001111
11000000000011
10000111100001
10000111100001
11100000000111
10000111100001
10000111100001
11000000000011
11110000001111

8

11100000001111
11000000000011
10000111100001
10000111100001
11000000000001
11111111100001
10000111100001
11000000000011
11110000001111

9

11100000000111
11000000000011
10000111100001
10000111100001
10000000000001
10000000000001
10000111100001
10000111100001
10000111100001

A

10000000000111
10000000000001
10000111100001
10000111100011
10000000000011
10000111100011
10000111100001
10000000000001
10000000000111

B

11110000001111
11000000000011
10000111100001
10000111111111
10000111111111
10000111111111
10000111100001
11000000000011
11110000001111

C

10000000000111
10000000000001
10000111100001
10000111100001
10000111100001
10000111100001
10000111100001
10000000000001
10000000000111

D

11000000000011
11000000000011
11000011111111
11000011111111
11000000001111
11000011111111
11000011111111
11000000000011
11000000000011

E

10000000000011
10000000000011
10000111111111
10000111111111
10000000111111
10000000111111
10000111111111
10000111111111
10000111111111

F

11110000001111
11000000000011
10000111100001
10000111111111
10000111111111
10000110000001
10000111100001
11000000000001
11110000001101

G

10000111100001
10000111100001
10000111100001
10000000000001
10000000000001
10000111100001
10000111100001
10000111100001
10000111100001

H


11000000000011
11000000000011
11111000011111
11111000011111
11111000011111
11111000011111
11111000011111
11000000000011
11000000000011

I


11110000000011
11110000000011
11111111000011
11111111000011
11111111000011
11111111000011
11000011000011
11100000000111
11110000001111

J

10000111100001
10000111000011
10000110000111
10000100001111
10000000011111
10000100001111
10000110000111
10000111000011
10000111100001

K

10000111111111
10000111111111
10000111111111
10000111111111
10000111111111
10000111111111
10000111111111
10000000000001
10000000000001

L

10001111110001
10001111110001
10000111100001
10000000000001
10001000010001
10001100110001
10001111110001
10001111110001
10001111110001

M

10001111110001
10000111110001
10000011110001
10001001110001
10001100110001
10001110010001
10001111000001
10001111100001
10001111110001

N

11110000001111
11000000000011
10000111100001
10000111100001
10000111100001
10000111100001
10000111100001
11000000000011
11110000001111

O

10000000001111
10000000000011
10000111100001
10000111100001
10000000000011
10000000001111
10000111111111
10000111111111
10000111111111

P

11110000001111
11000000000011
10000111100001
10000111100001
10000111100001
10000110100001
10000111000001
11000000000011
11110000001001

Q

10000000001111
10000000000011
10000111100001
10000111100001
10000000000011
10000000001111
10000110000111
10000111000011
10000111100001

R

11110000001111
11000000000011
11000011000011
11100001111111
11111000011111
11111110000111
11000011000011
11000000000011
11110000001111

S

10000000000001
10000000000001
11111000011111
11111000011111
11111000011111
11111000011111
11111000011111
11111000011111
11111000011111

T

10000111100001
10000111100001
10000111100001
10000111100001
10000111100001
10000111100001
10000111100001
11000000000011
11110000001111

U

00011111111000
00011111111000
00011111111000
10001111110001
10001111110001
11000111100011
11100011000111
11110000001111
11111100111111

V

10001111110001
10001111110001
10001111110001
10001100110001
10001000010001
10000000000001
10000111100001
10001111110001
10001111110001

W

00011111111000
10001111110001
11000111100011
11100011000111
11110000001111
11100000000111
11000111100011
10001111110001
00011111111000

X

00011111111000
10001111110001
11000111100011
11100011000111
11110000001111
11111000011111
11111000011111
11111000011111
11111000011111

Y

11000000000011
11000000000011
11111110000111
11111100001111
11111000011111
11110000111111
11100001111111
11000000000011
11000000000011

Z