1111111111111111111111111111111111111111111111111111111111111111111111111111111111111111111111111111
1111111111111111111111111111111111111111111111111111111111111111111111111111111111111111111111111111
11,,,,,,,,,,,,,,,,,,,,,,,,,,,,,,,,,,,,,,,,,,,,,,,,,,,,,,,,,,,,,,,,,,,,,,,,,,,,,,,,,,,,,,,,,,,,,,,,11
11,11100000000111,,10000000000111,,11110000001111,,11111000011111,,11100000000111,,11100000000111,11
11,11000000000011,,10000000000001,,11000000000011,,11100000011111,,10000000000001,,10000000000001,11
11,10000111100001,,10000111100001,,10000111100001,,11111000011111,,10000111100001,,10000111100001,11
11,10000111100001,,10000111100011,,10000111111111,,11111000011111,,11111111000011,,11111111000011,11
11,10000000000001,,10000000000011,,10000111111111,,11111000011111,,11111100001111,,11111100000111,11
11,10000000000001,,10000111100011,,10000111111111,,11111000011111,,11110000111111,,11111111000011,11
11,10000111100001,,10000111100001,,10000111100001,,11111000011111,,11000011111111,,10000111100001,11
11,10000111100001,,10000000000001,,11000000000011,,11111000011111,,10000000000001,,10000000000001,11
11,10000111100001,,10000000000111,,11110000001111,,11100000000111,,10000000000001,,11100000000111,11
11,,,,,,,,,,,,,,,,,,,,,,,,,,,,,,,,,,,,,,,,,,,,,,,,,,,,,,,,,,,,,,,,,,,,,,,,,,,,,,,,,,,,,,,,,,,,,,,,11
1111111111111111111111111111111111111111111111111111111111111111111111111111111111111111111111111111
1111111111111111111111111111111111111111111111111111111111111111111111111111111111111111111111111111



